    "('Board1', 'black', 'Polygon', 'POLYGON((0 0, 6 0, 6 5, 0 5, 0 0), (2 2, 3 2, 3 3, 2 3, 2 2), (5 3, 6 3, 6 4, 5 4, 5 3))'),"
    "('Board2', 'black', 'Polygon', 'POLYGON((0 0, 6 0, 6 5, 0 5, 0 0), (2 2, 3 2, 3 3, 2 3, 2 2), (2 4, 3 4, 3 5, 2 5, 2 4))'),"
    "('Board3', 'black', 'Polygon', 'POLYGON((0 0, 6 0, 6 5, 0 5, 0 0), (0 0, 1 0, 1 1, 0 1, 0 0), (5 3, 6 3, 6 4, 5 4, 5 3))'),"
    "('Board4', 'black', 'Polygon', 'POLYGON((0 0, 6 0, 6 5, 0 5, 0 0), (3 1, 4 1, 4 2, 3 2, 3 1), (4 2, 5 2, 5 3, 4 3, 4 2))'),"
    "('Board5', 'black', 'Polygon', 'POLYGON((0 0, 6 0, 6 5, 0 5, 0 0), (2 3, 3 3, 3 4, 2 4, 2 3), (3 4, 4 4, 4 5, 3 5, 3 4))'),"
    "('Board6', 'black', 'Polygon', 'POLYGON((0 0, 6 0, 6 5, 0 5, 0 0), (2 1, 3 1, 3 2, 2 2, 2 1), (2 3, 3 3, 3 4, 2 4, 2 3))'),"
    "('Board7', 'black', 'Polygon', 'POLYGON((0 0, 6 0, 6 5, 0 5, 0 0), (2 2, 3 2, 3 3, 2 3, 2 2), (2 4, 3 4, 3 5, 2 5, 2 4))')"




